00000 90
00001 31
00002 90
00003 27
00004 25
00005 41
00006 60
00007 57
00008 43
00009 68
00010 48
00011 21
00012 30
00013 33
00014 50
00015 36
00016 67
00017 63
00018 57
00019 59
00020 38
00021 72
00022 51
00023 67
00024 62
00025 55
00026 38
00027 63
00028 32
00029 30
00030 50
00031 56
00032 49
00033 36
00034 21
00035 31
00036 21
00037 76
00038 69
00039 67
00040 21
00041 21
00042 21
00043 21
00044 25
00045 90
00046 70
00047 90
00048 90
00049 90
00050 59
00051 27
00052 50
00053 22
00054 67
00055 77
00056 87
00057 82
00058 58
00059 41
00060 38
00061 35
00062 21
00063 68
00064 55
00065 28
00066 35
00067 29
00068 21
00069 25
00070 40
00071 23
00072 26
00073 25
00074 22
00075 22
00076 22
00077 27
00078 47
00079 31
00080 27
00081 36
00082 22
00083 25
00084 35
00085 22
00086 25
00087 25
00088 22
00089 25
00090 43
00091 90
00092 90
00093 90
00094 37
00095 90
00096 90
00097 90
00098 21
00099 90
00100 24
00101 90
00102 90
00103 28
00104 44
00105 71
00106 34
00107 48
00108 29
00109 24
00110 23
00111 21
00112 21
00113 61
00114 74
00115 38
00116 38
00117 23
00118 26
00119 45
00120 22
00121 27
00122 32
00123 41
00124 52
00125 21
00126 21
00127 90
00128 69
00129 29
00130 66
00131 28
00132 21
00133 22
00134 74
00135 23
00136 44
00137 22
00138 90
00139 59
00140 78
00141 28
00142 81
00143 21
00144 61
00145 87
00146 73
00147 21
00148 23
00149 21
00150 90
00151 88
00152 35
00153 87
00154 74
00155 56

