00000 21
00001 30
00002 33
00003 38
00004 64
00005 73
00006 71
00007 73
00008 90
00009 90
00010 90
00011 90
00012 55
00013 90
00014 78
00015 90
00016 90
00017 90
00018 90
00019 90
00020 90
00021 90
00022 90
00023 90
00024 90
00025 90
00026 90
00027 71
00028 90
00029 52
00030 54
00031 74
00032 62
00033 68
00034 30
00035 90
00036 90
00037 74
00038 90
00039 76
00040 90
00041 90
00042 69
00043 90
00044 90
00045 90
00046 90
00047 90
00048 90
00049 90
00050 90
00051 90
00052 90
00053 90
00054 90
00055 90
00056 90
00057 71
00058 90
00059 90
00060 90
00061 84
00062 77
00063 67
00064 90
00065 90
00066 90
00067 31
00068 90
00069 90
00070 34
00071 52
00072 27
00073 25
00074 22
00075 83
00076 68
00077 75
00078 88
00079 90
00080 56
00081 22
00082 68
00083 38
00084 55
00085 52
00086 49
00087 69
00088 51
00089 41
00090 24
00091 23
00092 50
00093 25
00094 55
00095 90
00096 66
00097 22
00098 90
00099 90
00100 74
00101 45

