00000 35
00001 30
00002 28
00003 22
00004 24
00005 55
00006 52
00007 43
00008 38
00009 25
00010 36
00011 37
00012 36
00013 38
00014 39
00015 41
00016 42
00017 43
00018 44
00019 29
00020 40
00021 37
00022 28
00023 40
00024 49
00025 54
00026 54
00027 54
00028 61
00029 60
00030 55
00031 33
00032 22
00033 60
00034 90
00035 85
00036 77
00037 70
00038 28
00039 90
00040 90
00041 81
00042 90
00043 77
00044 90
00045 90
00046 90
00047 90
00048 90
00049 90
00050 90
00051 79
00052 90
00053 90
00054 90
00055 78
00056 90
00057 90
00058 90
00059 90
00060 90
00061 90
00062 90
00063 90
00064 85
00065 90
00066 90
00067 90
00068 90
00069 79
00070 86
00071 64
00072 71
00073 79
00074 90
00075 90
00076 90
00077 90
00078 90
00079 90
00080 90
00081 90
00082 83
00083 79
00084 69
00085 65
00086 62
00087 60
00088 58
00089 62
00090 59
00091 22
00092 60
00093 64
00094 22
00095 62
00096 64

