00000 71
00001 90
00002 73
00003 90
00004 37
00005 90
00006 37
00007 49
00008 63
00009 55
00010 90
00011 28
00012 90
00013 70
00014 37
00015 23
00016 90
00017 76
00018 90
00019 86
00020 90
00021 90
00022 81
00023 43
00024 43
00025 33
00026 34
00027 43
00028 39
00029 34
00030 41
00031 35
00032 30
00033 37
00034 24
00035 33
00036 43
00037 38
00038 30
00039 43
00040 52
00041 46
00042 43
00043 44
00044 28
00045 43
00046 53
00047 80
00048 66
00049 69
00050 24
00051 24
00052 53
00053 73
00054 53
00055 73
00056 53
00057 24
00058 43
00059 43
00060 72
00061 24
00062 90
00063 64
00064 73
00065 53
00066 37
00067 24
00068 70
00069 53
00070 24
00071 24
00072 90
00073 24
00074 90
00075 73
00076 43
00077 57
00078 37
00079 53
00080 90
00081 73
00082 33
00083 76
00084 90
00085 61
00086 50
00087 25
00088 60
00089 35
00090 28
00091 48
00092 43
00093 90
00094 90
00095 90
00096 90
00097 24
00098 53
00099 24
00100 90
00101 81
00102 89
00103 76
00104 60
00105 86